1 -0.0280506 -0.00849325
2 -0.0280506 -0.00850039
3 -0.0280506 -0.00850039
4 -0.0280506 -0.00852844
5 -0.0280506 -0.00852844
6 -0.0221583 -0.00676077
7 -0.0180167 -0.00545761
8 -0.014911 -0.00460873
9 -0.0124717 -0.00384306
10 -0.0135563 -0.00425301
11 -0.0247177 -0.00782737
12 -0.0425476 -0.0133344
13 -0.0724224 -0.0225803
14 -0.10958 -0.0339457
15 -0.0540458 -0.0155412
16 0.0519222 0.0172039
17 0.0825572 0.024275
18 0.0421771 0.0114359
19 -0.0377663 -0.0132962
20 -0.130452 -0.0413944
21 -0.0931449 -0.027733
22 -0.0929848 -0.028521
23 -0.119676 -0.0365315
24 -0.135854 -0.0418283
25 -0.131957 -0.0403934
26 -0.0871165 -0.0262544
27 0.0236176 0.00819656
28 0.180671 0.0530978
29 0.354862 0.10902
30 0.514031 0.156825
31 0.707081 0.215931
32 0.772564 0.231715
33 0.691534 0.206558
34 0.28979 0.0803125
35 -0.556577 -0.1822
36 -0.315663 -0.0929988
37 -0.680287 -0.209994
38 -1.00355 -0.306827
39 -0.795807 -0.234887
40 -0.715977 -0.215093
41 -0.664217 -0.199245
42 0.81544 0.257085
43 0.676992 0.200754
44 0.919143 0.278919
45 0.644727 0.187182
46 0.509104 0.149916
47 0.435043 0.129438
48 0.39875 0.11974
49 0.388977 0.117737
50 0.399951 0.121834
51 0.421439 0.128061
52 0.447019 0.136668
53 0.449065 0.13677
54 0.451062 0.137369
55 0.452912 0.138412
56 0.45453 0.13886
57 0.306703 0.0945122
58 0.217262 0.0661977
59 0.159233 0.050578
60 0.128505 0.0413595
61 0.467369 0.146664
62 0.518873 0.160224
63 0.525917 0.161967
64 0.516491 0.159336
65 0.469132 0.145317
66 0.395138 0.122108
67 0.288424 0.0898343
68 0.146301 0.0493319
69 -0.0098525 -0.000490994
70 -0.147358 -0.0413795
71 -0.256048 -0.0712364
72 -0.357112 -0.103833
73 -0.426022 -0.12422
74 -0.554593 -0.161413
75 -0.629886 -0.186061
76 -0.674389 -0.199427
77 -0.672659 -0.198018
78 -0.632522 -0.185846
79 -0.549689 -0.160775
80 -0.330646 -0.0928874
81 -0.11131 -0.0314677
82 0.104682 0.0375385
83 0.283372 0.0905043
84 0.421874 0.128481
85 0.522574 0.161127
86 0.597038 0.183464
87 0.629724 0.19178
88 0.631699 0.193042
89 0.609538 0.186354
90 0.557343 0.170261
91 0.466391 0.142758
92 0.317591 0.0999372
93 0.124825 0.0385697
94 -0.0804466 -0.0231371
95 -0.301498 -0.085347
96 -0.471269 -0.139975
97 -0.58656 -0.173944
98 -0.646621 -0.189657
99 -0.680952 -0.201289
100 -0.714016 -0.210522
101 -0.69899 -0.206428
102 -0.642702 -0.189415
103 -0.545848 -0.161484
104 -0.41116 -0.11893
105 -0.274334 -0.0782508
106 -0.231498 -0.0681364
107 -0.152134 -0.0429716
108 -0.0429677 -0.0097777
109 0.117787 0.0394376
110 0.256587 0.0807561
111 0.366385 0.11092
112 0.456664 0.140175
113 0.541755 0.163897
114 0.622615 0.188155
115 0.696778 0.21251
116 0.766156 0.23184
117 0.823083 0.248918
118 0.602486 0.182739
119 0.500675 0.150762
120 0.489601 0.149476
121 0.56109 0.170923
122 1.21187 0.373787
123 1.33159 0.403196
124 1.19156 0.359716
125 0.977011 0.298153
126 0.804927 0.244063
127 0.663058 0.202911
128 0.543351 0.169837
129 0.479491 0.149945
130 0.470308 0.148763
131 0.481348 0.152259
132 0.51623 0.163902
133 0.545902 0.172106
134 0.555944 0.175865
135 0.53862 0.170677
136 0.48291 0.15431
137 0.388326 0.124526
138 0.260207 0.0858082
139 0.115587 0.0449847
140 -0.0216972 0.00116931
141 -0.176566 -0.0425456
142 -0.297315 -0.0813618
143 -0.390427 -0.10904
144 -0.451914 -0.125624
145 -0.521894 -0.14847
146 -0.613675 -0.176962
147 -0.659986 -0.190559
148 -0.646377 -0.185938
149 -0.637649 -0.184064
150 -0.592925 -0.170821
151 -0.617567 -0.178214
152 -0.617643 -0.178855
153 -0.617696 -0.17887
154 -0.617797 -0.1789
155 -0.617836 -0.178912
156 -0.54728 -0.156952
157 -0.489982 -0.141174
158 -0.442988 -0.127075
159 -0.403846 -0.114993
