1 -4.95465e-16 3.04251e-15 0
2 -5.08868e-17 7.82539e-15 0
3 -1.40622e-17 7.79961e-15 0
4 -2.15454e-16 7.98227e-15 0
5 -8.36814e-16 8.37695e-15 0
6 0.284635 0 0.199244
7 0.426212 0 0.355127
8 0.367597 0 0.285782
9 0.323156 0 0.282544
10 0.239141 0 0.288852
11 0.186308 0 0.273617
12 0.149124 0 0.269349
13 0.127751 0 0.272462
14 0.112753 0 0.276014
15 0.0995057 0 0.278366
16 0.0876588 0 0.280304
17 0.0772634 0 0.275397
18 0.0729341 0 0.279227
19 0.0691914 0 0.284018
20 0.0620803 0 0.285285
21 0.0545027 0 0.286096
22 0.0472164 0 0.286504
23 0.041538 0 0.283986
24 0.0399732 0 0.286732
25 0.0387829 0 0.289971
26 0.0315596 0 0.287586
27 0.0256306 0 0.286851
28 0.0242047 0 0.287038
29 0.167327 0 0.418269
30 0.000382148 0 0.256127
31 -0.13267 0 0.169807
32 0.313735 0 0.508901
33 -0.0136234 0 0.245652
34 -1 0.577978 0
35 1 0 1
36 1 0 0.919298
37 -1 0.780702 0
38 -0.310372 0 0.139963
39 0.994929 0 1
40 0.0202472 0 0.202433
41 -1 0.713764 0
42 1 0 0.890285
43 -0.291428 0.213714 0
44 0.205962 0 0.204793
45 0.172351 0 0.0956625
46 0.147028 0 0.0968284
47 0.131742 0 0.102838
48 0.12173 0 0.110059
49 0.114894 0 0.118082
50 0.110125 0 0.126647
51 0.106672 0 0.125184
52 0.104101 0 0.133537
53 -0.000198563 0 0.0610413
54 -0.000217267 0 0.0610282
55 -0.00017652 0 0.0610432
56 -0.000130619 0 0.0610671
57 0.405487 0 0.344999
58 0.577996 0 0.540807
59 0.47739 0 0.435881
60 0.369839 0 0.360594
61 0.0692761 0 0.194112
62 0.0908839 0 0.250543
63 0.142395 0 0.301669
64 0.125031 0 0.28998
65 0.0958802 0 0.273047
66 0.0898791 0 0.277234
67 0.090708 0 0.288168
68 0.0796582 0 0.280267
69 0.0687472 0 0.278413
70 0.0650821 0 0.284171
71 0.0592991 0 0.280856
72 0.0547421 0 0.282685
73 0.122231 0 0.34981
74 0.0579039 0 0.291284
75 0.0601767 0 0.29912
76 0.0426613 0 0.288919
77 0.0321619 0 0.285072
78 0.0321442 0 0.288273
79 0.0585102 0 0.31522
80 0.0303571 0 0.29046
81 -0.000258348 0 0.27466
82 0.0113936 0 0.285121
83 0.0236522 0 0.294963
84 0.0170873 0 0.287915
85 0.0118644 0 0.284923
86 0.0165927 0 0.29141
87 0.0169526 0 0.290716
88 0.0130105 0 0.288864
89 0.0114108 0 0.288532
90 0.011104 0 0.289397
91 0.00944411 0 0.289075
92 0.00594646 0 0.286959
93 0.0039752 0 0.285779
94 0.0056022 0 0.288035
95 0.00736104 0 0.288941
96 0.00833831 0 0.290557
97 0.00892101 0 0.29172
98 0.101757 0 0.356588
99 0.0327844 0 0.304689
100 0.0089584 0 0.301805
101 0.00623004 0 0.300245
102 0.00547249 0 0.300732
103 -0.486094 0.0432129 0
104 -0.576323 0.173028 0
105 0.0969637 0 0.393343
106 0.0875001 0 0.252061
107 0.0176085 0 0.197909
108 -0.0272214 0 0.173301
109 -0.0389702 0 0.168971
110 -0.00805994 0 0.195243
111 -0.0205183 0 0.18034
112 -0.0412866 0 0.159597
113 -0.0286193 0 0.172618
114 -0.192465 0 0.0579254
115 -0.17777 0 0.0519046
116 -0.111191 0 0.0955706
117 -0.0732194 0 0.122151
118 0.487489 0 0.514647
119 0.772172 0 0.819611
120 0.659966 0 0.68413
121 0.369106 0 0.480528
122 -0.564924 0.192875 0
123 -0.0578951 0 0.255448
124 0.171438 0 0.456058
125 0.0882475 0 0.351958
126 -0.0378041 0 0.247337
127 -0.0333803 0 0.272748
128 -0.00192941 0 0.293879
129 0.00188856 0 0.297122
130 -0.00466789 0 0.290647
131 -0.00732155 0 0.2901
132 -0.00674207 0 0.28989
133 -0.00548794 0 0.290652
134 -0.00475197 0 0.290765
135 -0.00466344 0 0.290223
136 -0.00493949 0 0.290012
137 -0.00548695 0 0.289025
138 -0.00604299 0 0.288085
139 -0.00574805 0 0.288403
140 -0.00512575 0 0.288388
141 -0.226126 0 0.133563
142 -0.25545 0 0.0845596
143 -0.109406 0 0.196319
144 -0.058949 0 0.20243
145 -0.0632758 0 0.192641
146 -0.0475778 0 0.201307
147 0.0428924 0 0.274833
148 0.0420216 0 0.260244
149 0.0413492 0 0.264015
150 0.0408136 0 0.263775
151 0.0404024 0 0.263487
152 -5.53602e-06 0 0.23116
153 -1.03071e-06 0 0.239245
154 -5.10215e-06 0 0.239242
155 -1.0415e-06 0 0.239245
156 0.183228 0 0.404151
157 0.295032 0 0.445768
158 0.268488 0 0.427187
159 0.245913 0 0.433719
